4467.97564219
4367.82577744
4340.89845924
4238.94408988
4204.94036214
4059.40572375
4059.40572375
4032.77102422
4032.77102422
3983.56217143
3921.05288081
3921.05288081
3907.23948751
3891.94952038
3876.33952096
3801.2871143
3801.2871143
3737.86418469
3737.86418469
3634.598542
3634.598542
3602.64250378
3568.02048508
3554.44404809
3527.38525433
3527.38525433
3464.93929611
3436.87346548
3436.87346548
3435.83904293
3425.8983263
3407.90846166
3407.90846166
3382.04164638
3365.80144571
3365.80144571
3352.13002009
3332.39091369
3332.39091369
3299.32370201
3299.32370201
3241.04235964
3241.04235964
3201.54586291
3201.54586291
3184.16122863
3184.16122863
3159.53520062
3159.53520062
3159.53520062
3038.82708573
3038.82708573
3028.7732338
3028.7732338
3028.7732338
3028.76494556
3028.76494556
3028.76494556
3028.76494556
3028.76494556
3007.82641063
3007.82641063
3007.82641063
3001.4863765
3001.4863765
3001.4863765
2987.23071439
2987.23071439
2987.23071439
2987.23071439
2982.782551
2982.782551
2981.94084775
2981.94084775
2981.94084775
2981.94084775
2981.94084775
2969.56689073
2968.60015856
2926.32935257
2926.32935257
2926.32935257
2926.32935257
2926.32935257
2903.15031103
2903.15031103
2903.15031103
2903.15031103
2903.15031103
2903.15031103
2903.15031103
2903.15031103
2903.15031103
2903.15031103
2903.15031103
2903.15031103
2872.265612
2872.265612
2872.265612
2850.34162288
2850.34162288
2840.55547304
2840.55547304
2840.55547304
2840.55547304
2821.47238231
2821.47238231
2817.74038551
2817.74038551
2817.74038551
2817.74038551
2793.90151313
2793.90151313
2782.27300926
2782.27300926
2782.27300926
2782.27300926
2711.9954585
2711.9954585
2711.9954585
2695.97706652
2695.97706652
2695.97706652
2651.84899254
2651.84899254
2651.84899254
2651.84899254
2651.84899254
2651.84899254
2651.84899254
2651.84899254
2651.84899254
2651.84899254
2641.14494387
2641.14494387
2641.14494387
2590.25183819
2590.25183819
2590.25183819
2590.25183819
2590.25183819
2590.25183819
2590.25183819
2590.25183819
2590.25183819
2570.4954405
2570.4954405
2570.4954405
2567.43213011
2567.43213011
2567.43213011
2567.43213011
2547.68219358
2547.68219358
2543.83027876
2543.83027876
2543.83027876
2543.83027876
2543.83027876
2543.83027876
2538.40323245
2538.40323245
2538.40323245
2499.33773705
2499.33773705
2499.33773705
2499.33773705
2499.33773705
2499.33773705
2499.33773705
2499.33773705
2499.33773705
2499.33773705
2499.33773705
2499.33773705
2499.33773705
2499.33773705
2497.12243992
2487.25066957
2487.25066957
2481.22398755
2481.22398755
2469.59676446
2469.59676446
2469.59676446
2467.84941851
2467.84941851
2438.54257202
2438.54257202
2438.54257202
2438.54257202
2438.54257202
2436.17297584
2436.17297584
2436.17297584
2436.17297584
2433.84018051
2428.19158397
2428.19158397
2409.08745975
2409.08745975
2409.08745975
2409.08745975
2409.08745975
2409.08745975
2409.08745975
2398.97805296
2398.97805296
2381.89396926
2381.89396926
2378.14949226
2378.14949226
2369.33870265
2369.33870265
2369.33870265
2369.33870265
2369.33870265
2369.33870265
2369.33870265
2369.33870265
2369.33870265
2353.44214235
2353.44214235
2353.44214235
2353.44214235
2353.44214235
2353.44214235
2353.44214235
2353.44214235
2353.44214235
2353.44214235
2353.44214235
2353.44214235
2353.44214235
2353.44214235
2353.44214235
2353.44214235
2353.44214235
2353.44214235
2353.44214235
2353.44214235
2353.44214235
2353.44214235
2350.37220573
2350.37220573
2349.4250121
2349.4250121
2349.4250121
2349.4250121
2349.4250121
2349.4250121
2349.4250121
2349.4250121
2349.4250121
2336.09451671
2336.09451671
2336.09451671
2336.09451671
2336.09451671
2336.09451671
2336.09451671
2336.09451671
2310.11776554
2310.11776554
2310.11776554
2310.11776554
2310.11776554
2310.11776554
2310.11776554
2310.11776554
2301.95545513
2301.95545513
2301.95545513
2301.95545513
2301.95545513
2301.95545513
2252.01591412
2252.01591412
2252.01591412
2252.01591412
2252.01591412
2252.01591412
2252.01591412
2252.01591412
2252.01591412
2252.01591412
2252.01591412
2252.01591412
2252.01591412
2252.01591412
2252.01591412
2252.01591412
2252.01591412
2252.01591412
2252.01591412
2252.01591412
2252.01591412
2252.01591412
2252.01591412
2252.01591412
2252.01591412
2252.01591412
2235.5693861
2235.5693861
2235.5693861
2235.5693861
2235.5693861
2225.60494468
2225.60494468
2225.60494468
2221.42304069
2207.99831543
2207.99831543
2207.99831543
2207.99831543
2207.99831543
2207.99831543
2207.99831543
2207.99831543
2207.99831543
2207.99831543
2207.99831543
2207.99831543
2207.99831543
2193.54768997
2193.54768997
2193.54768997
2193.54768997
2193.54768997
2193.54768997
2193.54768997
2193.54768997
2193.54768997
2193.54768997
2193.54768997
2193.54768997
2193.54768997
2193.54768997
2189.28401748
2189.28401748
2189.28401748
2189.28401748
2189.28401748
2189.28401748
2189.28401748
2189.28401748
2189.28401748
2189.28401748
2189.28401748
2189.28401748
2189.28401748
2189.28401748
2189.28401748
2189.28401748
2189.28401748
2157.63573604
2157.63573604
2154.18639428
2154.18639428
2154.18639428
2154.18639428
2154.18639428
2154.18639428
2154.18639428
2152.91485209
2152.91485209
2152.91485209
2152.91485209
2152.91485209
2152.91485209
2131.24312919
2131.24312919
2131.24312919
2131.24312919
2123.1092045
2123.1092045
2123.1092045
2123.1092045
2123.1092045
2119.0922089
2119.0922089
2119.0922089
2119.0922089
2119.0922089
2119.0922089
2119.0922089
2119.0922089
2104.71114177
2104.71114177
2104.71114177
2104.71114177
2104.71114177
2104.71114177
2104.71114177
2104.71114177
2104.71114177
2095.28940962
2095.28940962
2095.28940962
2095.28940962
2095.28940962
2095.28940962
2095.28940962
2095.28940962
2087.12463576
2087.12463576
2087.12463576
2087.12463576
2087.12463576
2087.12463576
2087.12463576
2045.59829496
2045.59829496
2045.59829496
2045.59829496
2045.59829496
2045.59829496
2045.59829496
2045.59829496
2045.59829496
2045.59829496
2045.59829496
2045.59829496
2045.59829496
2045.59829496
2045.59829496
2037.8268109
2037.8268109
2037.8268109
2037.8268109
2037.8268109
2037.8268109
2037.8268109
2037.8268109
2037.8268109
2037.8268109
2037.8268109
2037.8268109
2036.71864416
2036.71864416
2036.71864416
2036.71864416
2036.71864416
2021.67824512
2021.67824512
2021.67824512
2021.67824512
2021.67824512
2021.67824512
2021.67824512
2021.67824512
2021.67824512
2021.67824512
2021.67824512
2017.99114838
2017.99114838
2017.99114838
2017.99114838
2017.99114838
2015.963832
2002.26813227
2002.26813227
2002.26813227
2002.26813227
2002.26813227
2002.26813227
2002.26813227
2002.26813227
2002.26813227
2002.26813227
2002.26813227
2002.26813227
2002.26813227
2002.26813227
2002.26813227
2002.26813227
2002.26813227
2002.26813227
2002.26813227
2002.26813227
2002.26813227
2002.26813227
2002.26813227
2002.26813227
2002.26813227
2002.26813227
2002.26813227
2002.26813227
1999.38797316
1999.38797316
1999.38797316
1986.51169619
1986.51169619
1986.51169619
1986.51169619
1986.51169619
1986.51169619
1986.51169619
1986.51169619
1986.51169619
1986.51169619
1986.51169619
1986.51169619
1986.51169619
1986.51169619
1986.51169619
1986.51169619
1986.51169619
1986.51169619
1986.51169619
1986.51169619
1986.51169619
1985.14045684
1985.14045684
1985.14045684
1985.14045684
1985.14045684
1985.14045684
1985.14045684
1985.14045684
1985.14045684
1985.14045684
1985.14045684
1985.14045684
1985.14045684
1985.14045684
1985.14045684
1985.14045684
1985.14045684
1985.14045684
1985.14045684
1985.14045684
1985.14045684
1985.14045684
1985.14045684
1985.14045684
1985.14045684
1985.14045684
1977.18402551
1977.18402551
1977.18402551
1977.18402551
1977.18402551
1977.18402551
1977.18402551
1977.18402551
1977.18402551
1977.16458915
1977.16458915
1977.16458915
1977.16458915
1977.16458915
1977.16458915
1977.16458915
1977.16458915
1977.16458915
1977.16458915
1977.16458915
1976.53627395
1976.53627395
1976.53627395
1972.2897977
1972.2897977
1971.4960944
1971.4960944
1971.4960944
1971.4960944
1971.4960944
1971.4960944
1971.4960944
1971.4960944
1971.4960944
1971.4960944
1971.4960944
1958.69550595
1958.69550595
1958.69550595
1958.69550595
1958.69550595
1958.69550595
1958.69550595
1958.69550595
1958.69550595
1958.69550595
1958.69550595
1958.69550595
1958.69550595
1945.30724824
1920.35888395
1920.35888395
1920.35888395
1920.35888395
1920.35888395
1920.35888395
1920.35888395
1920.35888395
1920.35888395
1920.35888395
1920.35888395
1916.96947092
1916.96947092
1916.96947092
1889.28058874
1889.28058874
1889.28058874
1889.28058874
1889.28058874
1889.28058874
1889.28058874
1889.28058874
1889.28058874
1889.28058874
1889.28058874
1889.28058874
1889.28058874
1889.28058874
1889.28058874
1889.28058874
1889.28058874
1889.28058874
1889.28058874
1889.28058874
1889.28058874
1889.28058874
1889.28058874
1889.28058874
1889.28058874
1889.28058874
1889.28058874
1889.28058874
1889.28058874
1889.28058874
1889.28058874
1889.28058874
1889.28058874
1889.28058874
1889.28058874
1889.28058874
1889.28058874
1889.28058874
1889.28058874
1889.28058874
1887.04095459
1887.04095459
1887.04095459
1887.04095459
1887.04095459
1887.04095459
1887.04095459
1887.04095459
1887.04095459
1887.04095459
1887.04095459
1887.04095459
1887.04095459
1887.04095459
1886.33447538
1886.33447538
1886.33447538
1886.33447538
1886.33447538
1886.33447538
1885.14413716
1885.14413716
1885.14413716
1885.14413716
1885.14413716
1885.14413716
1885.14413716
1885.14413716
1885.14413716
1885.14413716
1885.14413716
1885.14413716
1884.36855563
1884.36855563
1884.36855563
1884.36855563
1884.36855563
1884.36855563
1884.36855563
1884.36855563
1884.36855563
1884.36855563
1884.36855563
1884.36855563
1884.36855563
1874.38790556
1874.38790556
1874.38790556
1874.38790556
1874.38790556
1852.72001307
1852.72001307
1852.72001307
1852.72001307
1852.72001307
1852.72001307
1852.72001307
1852.72001307
1852.38962319
1852.38962319
1852.38962319
1852.38962319
1852.38962319
1851.06938574
1851.06938574
1851.06938574
1851.06938574
1851.06938574
1851.06938574
1851.06938574
1851.06938574
1851.06938574
1851.06938574
1851.06938574
1851.06938574
1851.06938574
1851.06938574
1851.06938574
1851.06938574
1849.87033616
1849.87033616
1849.87033616
1849.87033616
1849.87033616
1849.87033616
1849.87033616
1849.87033616
1849.87033616
1849.87033616
1849.87033616
1849.87033616
1849.87033616
1849.87033616
1830.97802887
1830.97802887
1830.97802887
1830.97802887
1830.97802887
1830.97802887
1830.97802887
1830.97802887
1830.97802887
1830.97802887
1830.97802887
1830.97802887
1830.97802887
1830.97802887
1830.97802887
1830.97802887
1830.97802887
1830.97802887
1797.70654346
1797.70654346
1797.70654346
1797.70654346
1797.70654346
1797.70654346
1797.70654346
1797.70654346
1797.70654346
1797.70654346
1797.70654346
1797.70654346
1797.70654346
1797.70654346
1797.70654346
1797.70654346
1797.70654346
1797.70654346
1797.70654346
1797.70654346
1797.70654346
1797.70654346
1797.70654346
1797.70654346
1797.70654346
1797.70654346
1797.70654346
1797.70654346
1797.70654346
1797.70654346
1797.70654346
1797.70654346
1797.70654346
1797.70654346
1797.70654346
1797.70654346
1797.70654346
1797.70654346
1797.70654346
1797.70654346
1797.70654346
1797.70654346
1797.70654346
1797.70654346
1797.70654346
1781.16093374
1781.16093374
1781.16093374
1781.16093374
1766.89044382
1766.89044382
1766.89044382
1756.75406967
1756.75406967
1756.75406967
1756.75406967
1755.6697508
1748.86386549
1748.86386549
1748.86386549
1748.86386549
1748.86386549
1748.86386549
1748.86386549
1748.86386549
1748.86386549
1748.86386549
1748.86386549
1748.86386549
1748.86386549
1748.86386549
1748.86386549
1748.86386549
1748.86386549
1748.86386549
1748.86386549
1748.86386549
1748.86386549
1748.86386549
1748.86386549
1748.86386549
1748.86386549
1748.86386549
1748.86386549
1748.86386549
1748.86386549
1748.86386549
1748.86386549
1748.86386549
1748.86386549
1748.86386549
1748.86386549
1748.86386549
1731.66841491
1729.60074943
1729.60074943
1729.60074943
1729.60074943
1729.60074943
1729.60074943
1729.60074943
1729.60074943
1729.60074943
1723.16991996
1723.16991996
1723.16991996
1723.16991996
1723.16991996
1723.16991996
1723.16991996
1723.16991996
1723.16991996
1723.16991996
1723.16991996
1723.16991996
1723.16991996
1723.16991996
1723.16991996
1723.16991996
1723.16991996
1723.16991996
1717.98920188
1717.98920188
1717.98920188
1717.98920188
1717.98920188
1717.98920188
1717.98920188
1717.98920188
1717.98920188
1717.98920188
1717.98920188
1717.98920188
1717.98920188
1717.98920188
1717.98920188
1717.98920188
1717.98920188
1717.98920188
1717.98920188
1717.98920188
1716.34474639
1716.34474639
1716.34474639
1716.34474639
1716.34474639
1716.34474639
1716.34474639
1716.34474639
1716.34474639
1716.34474639
1716.34474639
1716.34474639
1716.34474639
1716.34474639
1716.34474639
1716.34474639
1716.34474639
1716.34474639
1716.34474639
1716.34474639
1716.34474639
1716.34474639
1716.34474639
1716.34474639
1716.34474639
1716.34474639
1716.34474639
1716.34474639
1716.34474639
1716.34474639
1716.34474639
1716.34474639
1716.34474639
1716.34474639
1716.34474639
1709.07766888
1709.07766888
1703.97746356
1703.97746356
1703.97746356
1703.97746356
1703.97746356
1703.97746356
1703.97746356
1703.97746356
1703.97746356
1703.97746356
1703.97746356
1703.97746356
1703.97746356
1703.97746356
1703.97746356
1700.48119409
1700.48119409
1700.48119409
1700.48119409
1699.06929387
1699.06929387
1699.06929387
1699.06929387
1699.06929387
1699.06929387
1699.06929387
1699.06929387
1699.06929387
1699.06929387
1699.06929387
1699.06929387
1699.06929387
1699.06929387
1699.06929387
1699.06929387
1699.06929387
1699.06929387
1699.06929387
1699.06929387
1699.06929387
1699.06929387
1691.2977449
1691.2977449
1691.2977449
1691.2977449
1691.2977449
1691.2977449
1691.2977449
1691.2977449
1691.2977449
1691.2977449
1691.2977449
1691.2977449
1691.2977449
1691.2977449
1691.2977449
1691.2977449
1691.2977449
1691.2977449
1691.2977449
1691.2977449
1691.2977449
1691.2977449
1691.2977449
1691.2977449
1691.2977449
1691.2977449
1691.2977449
1691.2977449
1691.2977449
1691.2977449
1691.2977449
1691.2977449
1691.2977449
1691.2977449
1691.2977449
1691.2977449
1691.2977449
1691.2977449
1691.2977449
1691.2977449
1691.2977449
1691.2977449
1691.2977449
1691.2977449
1691.2977449
1691.2977449
1691.2977449
1691.2977449
1691.2977449
1691.2977449
1691.2977449
1691.2977449
1691.2977449
1691.2977449
1688.73289081
1688.73289081
1688.73289081
1688.73289081
1688.73289081
1688.73289081
1688.73289081
1688.73289081
1688.73289081
1688.73289081
1688.73289081
1688.73289081
1688.73289081
1688.73289081
1688.73289081
1688.73289081
1688.73289081
1688.73289081
1686.17839682
1686.17839682
1686.17839682
1686.17839682
1686.17839682
1686.17839682
1686.17839682
1686.17839682
1686.17839682
1686.17839682
1686.17839682
1686.17839682
1686.17839682
1686.17839682
1686.17839682
1686.17839682
1686.17839682
1686.17839682
1686.17839682
1686.17839682
1686.17839682
1686.17839682
1686.17839682
1686.17839682
1686.10706133
1686.10706133
1686.10706133
1686.10706133
1686.10706133
1686.10706133
1686.10706133
1686.10706133
1686.10706133
1686.10706133
1686.10706133
1686.10706133
1686.10706133
1686.10706133
1686.10706133
1686.10706133
1686.10706133
1686.10706133
1686.10706133
1686.10706133
1686.10706133
1686.10706133
1686.10706133
1686.10706133
1686.10706133
1686.10706133
1686.10706133
1686.10706133
1686.10706133
1686.10706133
1686.10706133
1686.10706133
1686.10706133
1686.10706133
1686.10706133
1686.10706133
1686.10706133
1686.10706133
1686.10706133
1686.10706133
1686.10706133
1686.10706133
1686.10706133
1686.10706133
1686.10706133
1686.10706133
1686.10706133
1677.31043686
1677.31043686
1677.31043686
1677.31043686
1677.31043686
1677.31043686
1677.31043686
1677.31043686
1677.31043686
1677.31043686
1677.31043686
1677.31043686
1677.31043686
1677.31043686
1677.31043686
1677.31043686
1677.31043686
1677.31043686
1677.31043686
1677.31043686
1677.31043686
1677.31043686
1677.31043686
1677.31043686
1677.0462517
1677.0462517
1677.0462517
1677.0462517
1677.0462517
1677.0462517
1677.0462517
1677.0462517
1677.0462517
1677.0462517
1677.0462517
1677.0462517
1677.0462517
1677.0462517
1677.0462517
1677.0462517
1677.0462517
1677.0462517
1677.0462517
1677.0462517
1677.0462517
1677.0462517
1677.0462517
1677.0462517
1677.0462517
1677.0462517
1677.0462517
1677.0462517
1677.0462517
1677.0462517
1677.0462517
1677.0462517
1677.0462517
1677.0462517
1677.0462517
1673.38758812
1673.38758812
1673.38758812
1673.38758812
1673.38758812
1673.38758812
1673.38758812
1673.38758812
1673.38758812
1673.38758812
1673.38758812
1673.38758812
1673.38758812
1673.38758812
1673.38758812
1673.38758812
1673.38758812
1673.38758812
1673.38758812
1673.38758812
1673.38758812
1673.38758812
1673.38758812
1673.38758812
1673.38758812
1673.38758812
1673.38758812
1673.38758812
1673.38758812
1673.38758812
1673.38758812
1673.38758812
1673.38758812
1673.38758812
1673.38758812
1673.38758812
1673.38758812
1673.38758812
1673.38758812
1665.18707238
1665.18707238
1665.18707238
1665.18707238
1665.18707238
1665.18707238
1665.18707238
1665.18707238
1665.18707238
1665.18707238
1665.18707238
1665.18707238
1665.18707238
1665.18707238
1665.18707238
1665.18707238
1665.18707238
1665.18707238
1665.18707238
1665.18707238
1665.18707238
1665.18707238
1665.18707238
1665.18707238
1665.18707238
1665.18707238
1665.18707238
1665.18707238
1665.18707238
1665.18707238
1665.18707238
1665.18707238
1665.18707238
1662.21099397
1662.21099397
1662.21099397
1662.21099397
1662.21099397
1662.21099397
1662.21099397
1657.5536861
1657.5536861
1657.5536861
1657.5536861
1657.5536861
1657.5536861
1657.5536861
1657.5536861
1657.5536861
1657.5536861
1657.5536861
1657.5536861
1657.5536861
1655.98088789
1655.98088789
1655.98088789
1655.98088789
1655.98088789
1655.98088789
1655.98088789
1655.98088789
1655.98088789
1655.98088789
1655.98088789
1655.98088789
1655.98088789
1655.98088789
1655.98088789
1655.98088789
1655.98088789
1655.98088789
1650.05992579
1650.05992579
1650.05992579
1650.05992579
1650.05992579
1650.05992579
1650.05992579
1650.05992579
1650.05992579
1650.05992579
1650.05992579
1650.05992579
1650.05992579
1650.05992579
1650.05992579
1650.05992579
1650.05992579
1650.05992579
1650.05992579
1650.05992579
1650.05992579
1648.70461178
1648.70461178
1648.70461178
1648.70461178
1648.70461178
1648.70461178
1648.70461178
1648.70461178
1648.70461178
1648.70461178
1648.70461178
1648.70461178
1648.70461178
1648.70461178
1648.70461178
1648.70461178
1648.70461178
1648.70461178
1648.70461178
1648.70461178
1648.70461178
1648.70461178
1648.70461178
1648.70461178
1648.70461178
1648.70461178
1648.70461178
1648.70461178
1643.26140402
1643.26140402
1643.26140402
1643.26140402
1643.26140402
1643.26140402
1643.26140402
1643.26140402
1643.26140402
1643.26140402
1643.26140402
1643.26140402
1643.26140402
1643.26140402
1643.26140402
1643.26140402
1643.26140402
1643.26140402
1643.26140402
1643.26140402
1643.26140402
1643.26140402
1643.26140402
1643.26140402
1643.26140402
1643.26140402
1643.26140402
1643.26140402
1643.26140402
1643.26140402
1643.26140402
1643.26140402
1643.26140402
1643.26140402
1643.26140402
1643.26140402
1643.26140402
1643.26140402
1643.26140402
1643.26140402
1643.26140402
1643.26140402
1643.26140402
1643.26140402
1643.26140402
1643.26140402
1643.26140402
1643.26140402
1643.26140402
1643.26140402
1643.26140402
1643.26140402
1643.26140402
1643.26140402
1637.02612244
1637.02612244
1637.02612244
1637.02612244
1637.02612244
1637.02612244
1637.02612244
1637.02612244
1637.02612244
1637.02612244
1637.02612244
1637.02612244
1637.02612244
1637.02612244
1637.02612244
1637.02612244
1637.02612244
1637.02612244
1637.02612244
1637.02612244
1637.02612244
1636.37677064
1636.37677064
1636.37677064
1636.37677064
1636.37677064
1636.37677064
1636.37677064
1636.37677064
1636.37677064
1636.37677064
1636.37677064
1636.37677064
1636.37677064
1636.37677064
1636.37677064
1636.37677064
1636.37677064
1636.37677064
1636.37677064
1636.37677064
1636.37677064
1636.37677064
1636.37677064
1636.37677064
1636.37677064
1636.37677064
1636.37677064
1636.37677064
1636.37677064
1636.37677064
1636.37677064
1636.37677064
1636.37677064
1636.37677064
1636.37677064
1636.37677064
1636.37677064
1636.37677064
1636.37677064
1636.37677064
1636.37677064
1635.67962215
1635.67962215
1635.67962215
1635.67962215
1635.67962215
1635.67962215
1635.67962215
1635.67962215
1635.67962215
1635.67962215
1635.67962215
1635.67962215
1635.67962215
1635.67962215
1635.67962215
1635.67962215
1635.67962215
1635.67962215
1635.67962215
1635.67962215
1635.67962215
1635.67962215
1635.67962215
1635.67962215
1635.67962215
1635.67962215
1635.67962215
1635.67962215
1635.67962215
1635.67962215
1635.67962215
1635.67962215
1635.67962215
1635.67962215
1635.67962215
1635.67962215
1635.67962215
1635.67962215
1635.67962215
1635.67962215
1635.67962215
1635.67962215
1635.67962215
1635.67962215
1635.67962215
1635.67962215
1635.67962215
1635.67962215
1635.67962215
1635.67962215
1635.67962215
1635.67962215
1635.67962215
1635.67962215
1635.67962215
1635.67962215
1635.67962215
1635.67962215
1635.67962215
1635.67962215
1635.67962215
1635.67962215
1635.67962215
1635.67962215
1635.67962215
1635.67962215
1635.67962215
1635.67962215
1635.67962215
1635.67962215
1635.67962215
1635.67962215
1635.67962215
1635.67962215
1635.67962215
1635.67962215
1635.67962215
1635.67962215
1635.67962215
1635.67962215
1635.67962215
1635.67962215
1635.67962215
1635.67962215
1635.67962215
1635.67962215
1635.67962215
1635.67962215
1635.67962215
1635.67962215
1635.67962215
1635.67962215
1635.67962215
1635.67962215
1635.67962215
1635.67962215
1635.67962215
1635.67962215
1635.67962215
1635.67962215
1635.67962215
1635.67962215
1635.67962215
1635.67962215
1629.32314029
1629.32314029
1629.32314029
1629.32314029
1629.32314029
1629.32314029
1629.32314029
1629.32314029
1629.32314029
1629.32314029
1625.44520896
1625.44520896
1625.44520896
1625.44520896
1625.44520896
1625.44520896
1625.44520896
1625.44520896
1625.44520896
1625.44520896
1625.44520896
1625.44520896
1625.44520896
1625.44520896
1625.44520896
1625.44520896
1625.44520896
1625.44520896
1625.44520896
1625.44520896
1625.44520896
1625.44520896
1625.44520896
1625.44520896
1625.44520896
1625.44520896
1625.44520896
1625.44520896
1625.44520896
1625.44520896
1625.44520896
1625.44520896
1625.44520896
1625.44520896
1625.44520896
1625.44520896
1625.44520896
1625.44520896
1625.44520896
1625.44520896
1625.44520896
1625.44520896
1625.44520896
1625.44520896
1625.44520896
1625.44520896
1625.44520896
1618.60380916
1618.60380916
1618.60380916
1618.60380916
1618.60380916
1618.60380916
1618.60380916
1618.60380916
1618.60380916
1618.60380916
1618.60380916
1618.60380916
1618.60380916
1618.60380916
1618.60380916
1618.60380916
1618.60380916
1618.60380916
1618.60380916
1618.60380916
1618.60380916
1618.60380916
1618.60380916
1618.60380916
1618.60380916
1618.60380916
1618.60380916
1618.60380916
1618.60380916
1618.60380916
1618.60380916
1618.60380916
1618.60380916
1618.60380916
1618.60380916
1618.60380916
1618.60380916
1618.60380916
1618.60380916
1618.60380916
1618.60380916
1618.60380916
1618.60380916
1618.60380916
1618.60380916
1618.60380916
1618.60380916
1618.60380916
1618.60380916
1618.60380916
1618.60380916
1618.60380916
1618.60380916
1618.60380916
1618.60380916
1618.60380916
1618.60380916
1618.60380916
1618.45821444
1618.45821444
1618.45821444
1618.45821444
1618.45821444
1618.45821444
1618.45821444
1618.45821444
1618.45821444
1618.45821444
1618.45821444
1618.45821444
1618.45821444
1618.45821444
1618.45821444
1618.45821444
1618.45821444
1618.45821444
1618.45821444
1618.45821444
1618.45821444
1618.45821444
1614.65669918
1614.65669918
1614.65669918
1614.65669918
1614.65669918
1614.65669918
1614.65669918
1614.65669918
1614.65669918
1614.65669918
1614.65669918
1614.65669918
1614.65669918
1614.65669918
1614.65669918
1614.65669918
1614.65669918
1614.65669918
1614.65669918
1614.65669918
1614.65669918
1614.65669918
1614.65669918
1614.65669918
1614.65669918
1614.65669918
1614.65669918
1614.65669918
1614.65669918
1614.65669918
1614.65669918
1614.65669918
1614.65669918
1614.65669918
1614.65669918
1614.65669918
1614.65669918
1614.65669918
1614.65669918
1614.65669918
1614.65669918
1614.65669918
1614.65669918
1614.65669918
1614.65669918
1614.65669918
1614.65669918
1614.65669918
1614.65669918
1614.65669918
1614.65669918
1614.65669918
1614.65669918
1614.65669918
1614.65669918
1614.65669918
1614.65669918
1614.65669918
1614.65669918
1614.65669918
1614.65669918
1614.65669918
1614.65669918
1614.65669918
1614.65669918
1614.65669918
1614.65669918
1614.65669918
1614.65669918
1614.65669918
1614.65669918
1614.65669918
1614.65669918
1614.65669918
1614.65669918
1614.65669918
1614.65669918
1614.65669918
1614.65669918
1614.65669918
1614.65669918
1614.65669918
1614.65669918
1614.65669918
1614.65669918
1614.65669918
1614.65669918
1614.65669918
1614.65669918
1614.65669918
1614.65669918
1614.65669918
1614.65669918
1614.65669918
1614.65669918
1614.65669918
1614.65669918
1614.65669918
1614.65669918
1614.65669918
1614.65669918
1614.65669918
1614.65669918
1614.65669918
1614.65669918
1614.65669918
1614.65669918
1614.65669918
1614.65669918
1614.65669918
1614.65669918
1614.65669918
1614.65669918
1614.65669918
1614.65669918
1614.65669918
1614.65669918
1614.65669918
1614.65669918
1614.65669918
1614.65669918
1614.65669918
1614.65669918
1614.65669918
1614.65669918
1614.65669918
1614.65669918
1614.65669918
1614.65669918
1614.65669918
1614.65669918
1614.65669918
1614.65669918
1614.65669918
1614.65669918
1614.65669918
1614.65669918
1614.65669918
1614.65669918
1614.65669918
1614.65669918
1614.65669918
1614.65669918
1614.65669918
1614.65669918
1614.65669918
1614.65669918
1614.65669918
1614.65669918
1614.65669918
1614.65669918
1614.65669918
1614.65669918
1614.65669918
1614.65669918
1614.65669918
1614.65669918
1614.65669918
1614.65669918
1614.65669918
1614.65669918
1614.65669918
1614.65669918
1614.65669918
1614.65669918
1614.65669918
1614.65669918
1614.65669918
1614.65669918
1614.65669918
1614.65669918
1614.65669918
1614.65669918
1614.65669918
1614.65669918
1614.65669918
1614.65669918
1614.65669918
1614.65669918
1613.08702419
1613.08702419
1613.08702419
1613.08702419
1613.08702419
1613.08702419
1613.08702419
1613.08702419
1613.08702419
1613.08702419
1613.08702419
1613.08702419
1613.08702419
1613.08702419
1613.08702419
1613.08702419
1613.08702419
1613.08702419
1613.08702419
1613.08702419
1613.08702419
1599.88926358
1599.88926358
1599.88926358
1599.88926358
1596.67793529
1596.67793529
1596.67793529
1596.67793529
1596.67793529
1596.67793529
1596.67793529
1596.67793529
1596.67793529
1596.67793529
1596.67793529
1596.67793529
1596.67793529
1596.67793529
1596.67793529
1596.67793529
1596.67793529
1596.67793529
1596.67793529
1596.67793529
1596.67793529
1596.67793529
1596.67793529
1596.67793529
1596.67793529
1596.67793529
1596.67793529
1596.67793529
1596.67793529
1596.67793529
1596.67793529
1596.67793529
1596.67793529
1596.67793529
1596.67793529
1596.67793529
1596.67793529
1596.67793529
1596.67793529
1596.67793529
1596.67793529
1596.67793529
1596.67793529
1596.67793529
1596.67793529
1596.67793529
1596.67793529
1596.48800605
1596.48800605
1596.48800605
1596.48800605
1596.48800605
1596.48800605
1596.48800605
1596.48800605
1589.5267436
1589.5267436
1589.5267436
1589.5267436
1589.5267436
1589.5267436
1589.5267436
1589.5267436
1589.5267436
1589.5267436
1589.5267436
1589.5267436
1589.5267436
1589.5267436
1589.5267436
1589.5267436
1589.5267436
1589.5267436
1589.5267436
1589.5267436
1589.5267436
1589.5267436
1581.89751734
1581.89751734
1581.89751734
1581.89751734
1581.89751734
1581.89751734
1581.89751734
1581.89751734
1581.89751734
1581.89751734
1581.89751734
1581.89751734
1581.89751734
1581.89751734
1581.89751734
1581.89751734
1581.89751734
1581.89751734
1581.89751734
1581.89751734
1581.89751734
1581.74217689
1581.74217689
1581.74217689
1581.74217689
1581.74217689
1581.74217689
1581.74217689
1581.74217689
