4480.02196095
4448.54980075
4334.87204273
4198.96671082
4103.27498759
4103.27498759
4051.60920012
3996.48257692
3893.69815179
3868.01184264
3844.48171114
3844.48171114
3709.29683478
3709.29683478
3625.46910784
3625.46910784
3545.16186862
3545.16186862
3493.50967281
3483.45762668
3483.45762668
3430.37695855
3389.12912032
3378.51961345
3315.59714004
3315.59714004
3313.02276749
3313.02276749
3307.83872028
3307.83872028
3264.03481111
3264.03481111
3245.88009255
3245.88009255
3219.40991217
3200.23517125
3200.23517125
3136.10241257
3136.10241257
3062.87968761
3062.87968761
3052.78838905
3036.40138632
3036.40138632
3036.40138632
3036.40138632
3024.73481627
3016.57690353
3016.57690353
3013.84814821
3013.84814821
3013.84814821
3010.84715557
3001.02518347
2993.60035006
2993.60035006
2993.60035006
2993.60035006
2993.60035006
2993.60035006
2993.60035006
2993.60035006
2979.19586017
2979.19586017
2972.94078194
2947.78843626
2947.78843626
2932.11349881
2932.11349881
2926.83482325
2903.50959358
2903.50959358
2903.50959358
2902.49759544
2879.87499279
2879.87499279
2854.87608692
2854.87608692
2854.87608692
2842.39543018
2842.39543018
2842.39543018
2823.81739127
2761.90262829
2761.90262829
2761.90262829
2758.09847604
2758.09847604
2758.09847604
2739.36218338
2739.36218338
2739.36218338
2739.36218338
2739.36218338
2739.36218338
2739.36218338
2731.47576775
2731.47576775
2701.17032019
2701.17032019
2675.64419108
2673.9551278
2648.42899868
2625.51595176
2625.51595176
2625.51595176
2625.51595176
2625.51595176
2625.51595176
2625.51595176
2625.51595176
2625.51595176
2625.51595176
2597.34511805
2597.34511805
2597.34511805
2594.72608557
2594.72608557
2594.72608557
2580.50106925
2580.50106925
2580.50106925
2579.29600202
2579.29600202
2579.29600202
2579.29600202
2579.29600202
2579.29600202
2562.13555013
2562.13555013
2536.19042576
2536.19042576
2536.19042576
2536.19042576
2536.19042576
2536.19042576
2531.62473374
2529.75970125
2529.75970125
2529.75970125
2529.75970125
2500.14209402
2500.14209402
2478.58871932
2478.58871932
2477.9604845
2477.9604845
2442.53780613
2442.53780613
2442.53780613
2442.53780613
2433.9976857
2433.9976857
2419.49779482
2419.49779482
2419.49779482
2419.49779482
2419.49779482
2419.49779482
2419.49779482
2419.49779482
2419.49779482
2417.14219789
2417.14219789
2417.14219789
2404.94081953
2397.74472621
2397.74472621
2397.74472621
2397.74472621
2397.74472621
2397.74472621
2397.74472621
2397.74472621
2397.74472621
2379.21880246
2379.21880246
2379.21880246
2378.01744986
2378.01744986
2378.01744986
2378.01744986
2378.01744986
2378.01744986
2378.01744986
2348.20879483
2348.20879483
2348.20879483
2348.20879483
2348.20879483
2348.20879483
2348.20879483
2348.20879483
2308.06631434
2308.06631434
2308.06631434
2308.06631434
2308.06631434
2308.06631434
2308.06631434
2308.06631434
2305.49948036
2305.49948036
2305.49948036
2305.49948036
2305.49948036
2305.49948036
2305.49948036
2305.49948036
2304.0095856
2304.0095856
2304.0095856
2304.0095856
2304.0095856
2302.74924919
2298.29858707
2298.29858707
2267.90649176
2267.90649176
2267.90649176
2267.90649176
2267.90649176
2267.90649176
2267.90649176
2267.90649176
2267.90649176
2267.90649176
2267.90649176
2267.90649176
2261.29498838
2261.29498838
2261.29498838
2261.29498838
2261.29498838
2257.49139245
2257.49139245
2245.74839327
2245.74839327
2245.74839327
2239.74156956
2239.74156956
2239.74156956
2239.74156956
2239.74156956
2239.74156956
2239.74156956
2236.64752604
2236.64752604
2236.64752604
2236.64752604
2236.64752604
2236.64752604
2236.64752604
2236.64752604
2236.64752604
2236.64752604
2234.72960935
2234.72960935
2234.72960935
2232.72210267
2232.72210267
2232.72210267
2232.72210267
2222.38559122
2222.38559122
2222.38559122
2222.38559122
2222.38559122
2222.38559122
2222.38559122
2208.84916326
2203.26893939
2203.26893939
2203.26893939
2203.26893939
2203.26893939
2203.26893939
2186.17872406
2186.17872406
2186.17872406
2186.17872406
2186.17872406
2186.17872406
2186.17872406
2186.17872406
2186.17872406
2186.17872406
2186.17872406
2186.17872406
2186.17872406
2186.17872406
2186.17872406
2186.17872406
2186.17872406
2186.17872406
2186.17872406
2126.17829509
2126.17829509
2123.06338869
2123.06338869
2123.06338869
2123.06338869
2123.06338869
2123.06338869
2123.06338869
2123.06338869
2101.97359974
2101.97359974
2101.97359974
2097.37082826
2097.37082826
2097.37082826
2097.37082826
2097.37082826
2097.37082826
2097.37082826
2097.37082826
2097.37082826
2097.37082826
2085.91269953
2085.91269953
2085.91269953
2085.91269953
2085.91269953
2085.91269953
2085.42015214
2085.42015214
2085.42015214
2085.42015214
2085.42015214
2085.42015214
2085.42015214
2072.10672971
2072.10672971
2072.10672971
2071.0995053
2071.0995053
2071.0995053
2071.0995053
2070.34755026
2070.34755026
2066.51234253
2044.70968339
2044.70968339
2044.43823056
2044.43823056
2044.43823056
2044.43823056
2044.43823056
2044.43823056
2044.43823056
2044.43823056
2044.43823056
2044.43823056
2044.43823056
2038.30610956
2038.30610956
2038.30610956
2037.97154904
2037.97154904
2037.97154904
2037.97154904
2037.97154904
2015.84289747
2013.08040332
2013.08040332
2013.08040332
2012.605673
2012.605673
2012.605673
2012.605673
2012.605673
2012.605673
2012.605673
2003.64143013
2003.64143013
2003.64143013
2003.64143013
1997.03627211
1997.03627211
1997.03627211
1997.03627211
1996.56114135
1996.56114135
1996.56114135
1985.57841549
1985.57841549
1970.05149113
1970.05149113
1970.05149113
1965.55386868
1965.55386868
1965.55386868
1965.55386868
1965.55386868
1965.55386868
1965.55386868
1965.55386868
1965.55386868
1965.55386868
1965.55386868
1965.55386868
1965.55386868
1965.55386868
1965.55386868
1965.55386868
1965.55386868
1965.55386868
1952.77067131
1952.77067131
1952.77067131
1952.77067131
1952.77067131
1952.77067131
1952.77067131
1952.77067131
1952.77067131
1952.77067131
1952.77067131
1952.77067131
1952.77067131
1952.77067131
1952.77067131
1948.23958679
1948.23958679
1948.23958679
1948.23958679
1947.39503459
1927.96624852
1927.96624852
1927.96624852
1927.96624852
1927.96624852
1927.96624852
1927.96624852
1927.37324332
1927.37324332
1927.37324332
1927.37324332
1927.37324332
1927.37324332
1927.37324332
1927.37324332
1927.37324332
1927.37324332
1927.37324332
1927.37324332
1927.37324332
1927.37324332
1927.37324332
1927.37324332
1927.37324332
1913.92371054
1913.92371054
1913.92371054
1913.92371054
1913.92371054
1913.92371054
1913.92371054
1913.92371054
1913.92371054
1907.18651098
1907.18651098
1907.18651098
1907.18651098
1907.18651098
1907.18651098
1907.18651098
1907.18651098
1907.18651098
1907.18651098
1907.18651098
1898.68611823
1898.68611823
1898.68611823
1898.68611823
1898.68611823
1898.68611823
1898.68611823
1898.68611823
1898.68611823
1898.10869682
1898.10869682
1898.10869682
1898.10869682
1898.10869682
1898.10869682
1898.10869682
1898.10869682
1898.10869682
1898.10869682
1898.10869682
1898.10869682
1898.10869682
1898.10869682
1898.10869682
1898.10869682
1894.90929677
1894.90929677
1894.90929677
1894.90929677
1894.90929677
1894.80059723
1890.02317624
1890.02317624
1890.02317624
1890.02317624
1890.02317624
1890.02317624
1890.02317624
1890.02317624
1890.02317624
1890.02317624
1890.02317624
1890.02317624
1890.02317624
1890.02317624
1890.02317624
1890.02317624
1890.02317624
1874.33865247
1874.33865247
1872.33410156
1872.33410156
1872.33410156
1872.33410156
1842.95655409
1842.95655409
1842.95655409
1842.95655409
1842.95655409
1842.95655409
1842.95655409
1842.95655409
1842.95655409
1842.95655409
1842.95655409
1842.95655409
1842.95655409
1842.95655409
1842.95655409
1842.95655409
1842.95655409
1842.95655409
1842.95655409
1842.95655409
1842.95655409
1842.95655409
1842.95655409
1842.95655409
1842.95655409
1842.95655409
1842.95655409
1842.95655409
1842.95655409
1842.95655409
1842.95655409
1842.95655409
1842.95655409
1842.95655409
1842.95655409
1842.95655409
1842.95655409
1842.95655409
1842.95655409
1842.95655409
1842.95655409
1842.95655409
1842.95655409
1842.95655409
1842.95655409
1833.32148614
1833.32148614
1831.3351471
1831.3351471
1831.3351471
1831.3351471
1831.3351471
1827.63258103
1827.63258103
1827.63258103
1827.63258103
1827.63258103
1825.43365612
1825.43365612
1825.43365612
1825.43365612
1825.43365612
1825.43365612
1825.43365612
1825.43365612
1825.43365612
1825.43365612
1817.84505312
1817.84505312
1807.8630858
1807.8630858
1807.8630858
1807.8630858
1807.8630858
1807.8630858
1807.8630858
1807.8630858
1807.8630858
1807.8630858
1807.8630858
1807.8630858
1807.8630858
1807.8630858
1807.8630858
1807.8630858
1807.8630858
1807.8630858
1807.8630858
1807.8630858
1807.8630858
1807.8630858
1807.8630858
1807.8630858
1796.23897273
1796.23897273
1796.23897273
1794.97889932
1794.97889932
1794.97889932
1794.97889932
1794.97889932
1794.97889932
1794.97889932
1794.97889932
1794.97889932
1794.97889932
1794.97889932
1794.97889932
1794.97889932
1794.97889932
1794.97889932
1794.97889932
1794.97889932
1794.97889932
1794.97889932
1794.97889932
1794.97889932
1794.97889932
1794.97889932
1794.97889932
1794.97889932
1794.97889932
1794.97889932
1788.43181257
1788.43181257
1788.43181257
1788.43181257
1788.43181257
1786.43318943
1786.43318943
1786.43318943
1786.43318943
1786.43318943
1786.43318943
1786.36465323
1786.36465323
1786.36465323
1786.36465323
1786.36465323
1786.36465323
1786.36465323
1786.36465323
1786.36465323
1786.36465323
1786.36465323
1786.36465323
1786.36465323
1786.36465323
1786.36465323
1786.36465323
1786.36465323
1786.36465323
1786.36465323
1786.36465323
1786.36465323
1786.36465323
1786.36465323
1786.36465323
1786.36465323
1786.36465323
1786.36465323
1786.36465323
1781.31419135
1781.31419135
1781.31419135
1750.28814842
1750.28814842
1750.28814842
1750.28814842
1750.28814842
1750.28814842
1750.28814842
1750.28814842
1750.28814842
1750.28814842
1750.28814842
1750.28814842
1750.28814842
1750.28814842
1750.28814842
1750.28814842
1750.28814842
1750.28814842
1750.28814842
1750.28814842
1750.28814842
1750.28814842
1747.1655592
1747.1655592
1747.1655592
1747.1655592
1747.1655592
1747.1655592
1747.1655592
1747.1655592
1747.1655592
1747.1655592
1747.1655592
1747.1655592
1745.46490607
1745.46490607
1745.46490607
1745.46490607
1745.46490607
1745.46490607
1745.46490607
1745.46490607
1745.46490607
1745.46490607
1745.46490607
1745.46490607
1745.46490607
1745.46490607
1745.46490607
1745.46490607
1745.46490607
1745.46490607
1744.43986251
1744.43986251
1736.55446721
1736.55446721
1736.55446721
1736.55446721
1736.55446721
1736.55446721
1736.55446721
1736.55446721
1736.55446721
1736.55446721
1736.55446721
1736.55446721
1736.55446721
1736.55446721
1736.55446721
1736.55446721
1736.55446721
1736.28053985
1736.28053985
1736.28053985
1736.28053985
1736.28053985
1736.28053985
1736.28053985
1736.28053985
1736.28053985
1736.28053985
1736.28053985
1736.28053985
1736.28053985
1736.28053985
1736.28053985
1736.28053985
1736.28053985
1736.28053985
1736.28053985
1736.28053985
1736.28053985
1736.28053985
1736.28053985
1736.28053985
1736.28053985
1736.28053985
1736.28053985
1736.28053985
1736.28053985
1736.28053985
1736.28053985
1736.28053985
1736.28053985
1736.28053985
1736.28053985
1736.28053985
1736.28053985
1736.28053985
1736.28053985
1736.28053985
1736.28053985
1736.28053985
1736.28053985
1736.28053985
1736.28053985
1736.28053985
1736.28053985
1736.28053985
1736.28053985
1736.28053985
1736.28053985
1736.28053985
1736.28053985
1736.28053985
1736.28053985
1736.28053985
1736.28053985
1736.28053985
1736.28053985
1736.28053985
1736.28053985
1706.69926502
1706.69926502
1706.69926502
1706.69926502
1706.69926502
1704.49694853
1704.49694853
1704.49694853
1704.49694853
1704.49694853
1704.49694853
1704.49694853
1704.49694853
1704.49694853
1704.49694853
1704.49694853
1704.49694853
1704.49694853
1704.49694853
1704.49694853
1704.49694853
1704.49694853
1704.49694853
1704.49694853
1704.49694853
1704.49694853
1704.49694853
1704.49694853
1704.49694853
1704.49694853
1704.49694853
1704.49694853
1704.49694853
1704.49694853
1704.49694853
1704.49694853
1704.49694853
1704.49694853
1704.49694853
1686.84362849
1686.84362849
1686.84362849
1686.84362849
1686.84362849
1686.84362849
1686.84362849
1686.84362849
1686.84362849
1686.84362849
1686.84362849
1686.84362849
1686.84362849
1686.84362849
1686.84362849
1686.84362849
1686.84362849
1686.84362849
1686.84362849
1686.84362849
1686.84362849
1686.84362849
1686.84362849
1686.84362849
1686.84362849
1686.84362849
1685.79253661
1685.79253661
1685.79253661
1685.79253661
1685.79253661
1685.79253661
1685.79253661
1685.79253661
1685.79253661
1685.79253661
1685.79253661
1685.79253661
1685.79253661
1685.79253661
1685.79253661
1685.49582972
1685.49582972
1685.49582972
1685.49582972
1685.49582972
1685.49582972
1683.98920287
1683.98920287
1683.98920287
1683.98920287
1683.98920287
1683.98920287
1683.98920287
1683.98920287
1683.98920287
1683.98920287
1683.98920287
1683.98920287
1683.98920287
1683.98920287
1683.98920287
1683.98920287
1683.98920287
1683.98920287
1683.98920287
1683.98920287
1683.98920287
1683.98920287
1679.65096151
1679.65096151
1679.65096151
1679.65096151
1679.65096151
1679.65096151
1679.65096151
1679.65096151
1679.65096151
1679.65096151
1679.65096151
1679.65096151
1679.65096151
1672.552515
1672.552515
1672.552515
1672.552515
1672.552515
1672.552515
1672.552515
1672.552515
1672.552515
1672.552515
1672.552515
1672.552515
1672.552515
1672.552515
1672.552515
1672.552515
1672.552515
1672.552515
1672.552515
1672.552515
1672.552515
1672.552515
1672.552515
1672.552515
1672.552515
1672.552515
1672.552515
1672.552515
1672.552515
1672.552515
1672.552515
1669.32021287
1669.32021287
1669.32021287
1669.32021287
1669.32021287
1669.32021287
1669.32021287
1669.32021287
1669.32021287
1669.32021287
1669.32021287
1669.32021287
1669.32021287
1665.38038664
1665.38038664
1665.38038664
1665.38038664
1665.38038664
1665.38038664
1665.38038664
1665.38038664
1665.38038664
1665.38038664
1665.38038664
1665.38038664
1663.15643386
1663.15643386
1663.15643386
1663.15643386
1663.15643386
1663.15643386
1663.15643386
1663.15643386
1663.15643386
1663.15643386
1663.15643386
1663.15643386
1663.15643386
1663.15643386
1663.15643386
1663.15643386
1663.15643386
1663.15643386
1663.15643386
1663.15643386
1663.15643386
1663.15643386
1663.15643386
1663.15643386
1663.15643386
1663.15643386
1663.15643386
1663.15643386
1663.15643386
1663.15643386
1663.15643386
1663.15643386
1663.15643386
1663.15643386
1663.15643386
1663.15643386
1663.15643386
1663.15643386
1663.15643386
1663.15643386
1663.15643386
1663.15643386
1663.15643386
1663.15643386
1663.15643386
1663.15643386
1663.15643386
1663.15643386
1663.15643386
1663.15643386
1663.15643386
1662.49107582
1662.49107582
1662.49107582
1662.49107582
1662.49107582
1662.49107582
1662.49107582
1662.49107582
1662.49107582
1662.49107582
1662.49107582
1662.49107582
1662.49107582
1662.49107582
1662.49107582
1662.49107582
1662.49107582
1662.49107582
1662.49107582
1662.49107582
1662.49107582
1662.49107582
1662.49107582
1662.49107582
1662.49107582
1662.49107582
1662.49107582
1651.74315726
1651.74315726
1651.74315726
1651.74315726
1651.74315726
1651.74315726
1651.74315726
1651.74315726
1651.74315726
1651.74315726
1651.74315726
1651.74315726
1651.74315726
1651.74315726
1651.74315726
1651.74315726
1651.74315726
1651.74315726
1650.27633321
1650.27633321
1650.27633321
1650.27633321
1650.27633321
1650.27633321
1650.27633321
1650.27633321
1650.27633321
1650.27633321
1650.27633321
1648.65297387
1614.05744598
1614.05744598
1614.05744598
1614.05744598
1614.05744598
1614.05744598
1614.05744598
1614.05744598
1614.05744598
1614.05744598
1614.05744598
1593.29928812
1593.29928812
1593.29928812
1593.29928812
1593.29928812
1593.29928812
1593.29928812
1593.29928812
1593.29928812
1593.29928812
1593.29928812
1593.29928812
1593.29928812
1593.29928812
1593.29928812
1593.29928812
1593.29928812
1582.56283569
1582.56283569
1582.56283569
1582.56283569
1582.56283569
1582.56283569
1582.56283569
1582.56283569
1582.56283569
1582.56283569
1582.56283569
1582.56283569
1582.56283569
1582.56283569
1582.56283569
1582.56283569
1582.56283569
1582.56283569
1582.56283569
1582.56283569
1582.56283569
1582.56283569
1582.56283569
1582.56283569
1582.56283569
1582.56283569
1582.56283569
1582.56283569
1582.56283569
1582.56283569
1582.56283569
1582.56283569
1582.56283569
1582.56283569
1582.56283569
1582.56283569
1582.56283569
1582.56283569
1582.56283569
1582.56283569
1582.56283569
1582.56283569
1582.56283569
1582.56283569
1582.56283569
1582.56283569
1582.56283569
1582.56283569
1582.56283569
1582.56283569
1582.56283569
1582.56283569
1582.56283569
1582.56283569
1582.56283569
1582.56283569
1582.56283569
1582.56283569
1582.56283569
1582.56283569
1582.56283569
1582.56283569
1582.56283569
1582.56283569
1582.56283569
1582.56283569
1582.56283569
1582.56283569
1582.56283569
1582.56283569
1582.56283569
1582.56283569
1582.56283569
1582.56283569
1582.56283569
1582.56283569
1582.56283569
1582.56283569
1582.56283569
1582.56283569
1573.10757755
1573.10757755
1573.10757755
1573.10757755
1573.10757755
1573.10757755
1573.10757755
1573.10757755
1573.10757755
1573.10757755
1573.10757755
1573.10757755
1573.10757755
1573.10757755
1573.10757755
1573.10757755
1573.10757755
1567.24573057
1567.24573057
1567.24573057
1567.24573057
1567.24573057
1567.24573057
1567.24573057
1567.24573057
1567.24573057
1567.24573057
1567.24573057
1567.24573057
1567.24573057
1567.24573057
1567.24573057
1567.24573057
1567.24573057
1567.24573057
1567.24573057
1567.24573057
1567.24573057
1567.24573057
1567.24573057
1567.24573057
1567.24573057
1567.24573057
1567.24573057
1567.24573057
1567.24573057
1567.24573057
1567.24573057
1567.24573057
1567.24573057
1564.66029221
1564.66029221
1564.66029221
1564.66029221
1564.66029221
1564.66029221
1564.66029221
1564.66029221
1564.66029221
1564.66029221
1564.66029221
1564.66029221
1564.66029221
1564.66029221
1564.66029221
1561.58276344
1561.58276344
1561.58276344
1561.58276344
1561.58276344
1561.58276344
1561.58276344
1561.58276344
1561.58276344
1561.58276344
1561.58276344
1561.58276344
1561.58276344
1561.58276344
1561.58276344
1561.58276344
1561.58276344
1561.58276344
1561.58276344
1561.58276344
1561.58276344
1561.58276344
1561.58276344
1561.58276344
1561.58276344
1561.58276344
1561.58276344
1561.58276344
1561.58276344
1561.58276344
1561.58276344
1561.58276344
1561.58276344
1561.58276344
1561.58276344
1561.58276344
1561.58276344
1561.58276344
1561.58276344
1561.58276344
1561.58276344
1561.58276344
1561.58276344
1561.58276344
1559.9594041
1559.9594041
1559.9594041
1559.9594041
1559.9594041
1559.9594041
1559.9594041
1559.9594041
1559.9594041
1559.9594041
1559.9594041
1559.9594041
1559.9594041
1559.9594041
1559.9594041
1559.9594041
1559.9594041
1559.9594041
1559.9594041
1559.9594041
1559.9594041
1559.9594041
1559.9594041
1559.9594041
1550.76628655
1550.76628655
1550.76628655
1550.76628655
1550.76628655
1550.76628655
1550.76628655
1550.76628655
1550.76628655
1550.76628655
1550.76628655
1550.76628655
1550.76628655
1550.76628655
1550.76628655
1550.76628655
1550.76628655
1550.76628655
1550.76628655
1550.76628655
1550.76628655
1550.76628655
1550.76628655
1548.9786086
1548.9786086
1548.9786086
1548.9786086
1548.9786086
1548.9786086
1548.9786086
1548.9786086
1548.9786086
1548.9786086
1548.9786086
1545.13770179
1533.93073951
1533.93073951
1533.93073951
1533.93073951
1533.93073951
1533.93073951
1533.93073951
1533.93073951
1533.93073951
1533.93073951
1533.93073951
1533.93073951
1533.93073951
1533.93073951
1533.93073951
1533.93073951
1533.93073951
1533.93073951
1533.93073951
1533.93073951
1533.93073951
1533.93073951
1533.93073951
1533.93073951
1533.93073951
1533.93073951
1533.93073951
1533.93073951
1533.93073951
1533.93073951
1533.93073951
1533.93073951
1533.93073951
1533.93073951
1533.93073951
1528.37046811
1526.9197921
1526.9197921
1526.9197921
1526.9197921
1526.9197921
1526.9197921
1526.9197921
1526.9197921
1526.9197921
1526.9197921
1526.9197921
1526.9197921
1526.9197921
1526.9197921
1526.9197921
1526.9197921
1526.9197921
1526.9197921
1526.9197921
1526.9197921
1526.9197921
1526.9197921
1526.9197921
1526.9197921
1526.9197921
1526.9197921
1526.9197921
1526.9197921
1526.9197921
1526.9197921
1504.5667518
1504.5667518
1504.5667518
1504.5667518
1504.5667518
1504.5667518
1504.5667518
1504.5667518
1504.5667518
1504.5667518
1504.5667518
1504.5667518
1504.5667518
1504.5667518
1504.21805312
1485.1580296
1485.1580296
1485.1580296
1485.1580296
1485.1580296
1485.1580296
1485.1580296
1485.1580296
1485.1580296
1485.1580296
1485.1580296
1485.1580296
1485.1580296
1485.1580296
1485.1580296
1485.1580296
1485.1580296
1485.1580296
1485.1580296
1485.1580296
1485.1580296
1485.1580296
1485.1580296
1483.24776185
1483.24776185
1483.24776185
1483.24776185
1483.24776185
1483.24776185
1483.24776185
1483.24776185
1483.24776185
1483.24776185
1483.24776185
1483.24776185
1483.24776185
1483.24776185
1483.24776185
1483.24776185
1483.24776185
1483.24776185
1483.24776185
1483.24776185
1483.24776185
1483.24776185
1483.24776185
1483.24776185
1483.24776185
1483.24776185
1483.24776185
1483.24776185
1483.24776185
1483.24776185
1483.24776185
1483.24776185
1483.24776185
1483.24776185
1483.24776185
1483.24776185
1483.24776185
1483.24776185
1483.24776185
1483.24776185
1483.24776185
1483.24776185
1483.24776185
1483.24776185
1483.24776185
1483.24776185
1483.24776185
1483.24776185
1483.24776185
1483.24776185
1482.18503777
1482.18503777
1482.18503777
1482.18503777
1482.18503777
1482.18503777
1482.18503777
1482.18503777
1482.18503777
1482.18503777
1482.18503777
1482.18503777
1482.18503777
1482.18503777
1482.18503777
1482.18503777
1482.18503777
1482.18503777
1482.18503777
1482.18503777
1470.91389847
1470.91389847
1470.91389847
1470.91389847
1470.91389847
1470.91389847
1470.91389847
1470.91389847
1470.91389847
1470.91389847
1470.91389847
1470.91389847
1470.91389847
1470.91389847
1470.91389847
1470.91389847
1470.91389847
1470.91389847
1470.91389847
1470.91389847
1470.91389847
1470.91389847
1470.91389847
1470.91389847
1470.91389847
1470.91389847
1470.91389847
1470.91389847
1470.91389847
1470.91389847
1470.91389847
1470.91389847
1470.91389847
1470.91389847
1470.91389847
1470.91389847
1470.91389847
1470.91389847
1470.91389847
1470.91389847
1470.91389847
1470.31647581
1470.31647581
1470.31647581
1470.31647581
1470.31647581
1470.31647581
1470.31647581
1470.31647581
1470.31647581
1470.31647581
1470.31647581
1470.31647581
1470.31647581
1470.31647581
1470.31647581
1470.31647581
1470.31647581
1470.31647581
1470.31647581
1470.31647581
1470.31647581
1470.31647581
1470.31647581
1470.31647581
1470.31647581
1470.31647581
1470.31647581
1470.31647581
1470.31647581
1470.31647581
1470.31647581
1470.31647581
1470.31647581
1470.31647581
1470.31647581
1470.31647581
1470.31647581
1470.31647581
1470.31647581
1470.31647581
1470.31647581
1470.31647581
1470.31647581
1470.31647581
1470.31647581
1470.31647581
1470.31647581
1470.31647581
1470.31647581
1470.31647581
1470.31647581
1470.31647581
1470.31647581
1470.31647581
1470.31647581
1470.31647581
1470.31647581
1470.31647581
1470.31647581
1470.31647581
1470.31647581
1470.31647581
1470.31647581
1470.31647581
1470.31647581
1470.31647581
1470.31647581
1470.31647581
1470.31647581
1470.31647581
1470.31647581
1470.31647581
1470.31647581
1470.31647581
1470.31647581
1470.31647581
1470.31647581
1470.31647581
1470.31647581
1470.31647581
1470.31647581
1466.43790039
1466.43790039
1466.43790039
1466.43790039
1466.43790039
1466.43790039
1466.43790039
1466.43790039
1466.43790039
1466.43790039
1466.43790039
1466.43790039
1466.36161784
1466.36161784
1466.36161784
1466.36161784
1466.36161784
1466.36161784
1466.36161784
1466.36161784
1466.36161784
1466.36161784
1466.36161784
1466.36161784
1466.36161784
1466.36161784
1466.36161784
1466.36161784
1466.36161784
1466.36161784
1466.36161784
1466.36161784
1466.36161784
1466.36161784
1466.36161784
1466.36161784
1466.36161784
1466.36161784
1466.36161784
1466.36161784
1466.36161784
1466.36161784
1466.36161784
1466.36161784
1466.36161784
1466.36161784
1466.36161784
1466.36161784
1466.36161784
1466.36161784
1466.36161784
1466.36161784
1466.36161784
1466.36161784
1466.36161784
1466.36161784
1466.36161784
1466.36161784
1466.36161784
1466.36161784
1466.36161784
1466.36161784
1466.36161784
1466.36161784
1466.36161784
1466.36161784
1466.36161784
1466.36161784
1466.36161784
1466.36161784
1466.36161784
1466.36161784
1466.36161784
1466.36161784
1466.36161784
1466.36161784
1466.36161784
1466.36161784
1466.36161784
1466.36161784
1466.36161784
1466.36161784
1466.36161784
1466.36161784
1466.36161784
1466.36161784
1466.36161784
1466.36161784
1466.36161784
1466.36161784
1466.36161784
1466.01291916
1466.01291916
1466.01291916
1466.01291916
1466.01291916
1466.01291916
1466.01291916
1466.01291916
1466.01291916
1466.01291916
1466.01291916
1466.01291916
1466.01291916
1466.01291916
1465.56627957
1465.56627957
1465.56627957
1465.56627957
1465.56627957
1465.56627957
1465.56627957
1465.56627957
1465.56627957
1465.56627957
1465.56627957
1465.56627957
1465.56627957
1465.56627957
1465.56627957
1465.56627957
1465.56627957
1465.56627957
1465.56627957
1465.56627957
1465.56627957
1465.56627957
1465.56627957
1465.56627957
1465.56627957
1465.56627957
1465.56627957
1465.56627957
1465.56627957
1465.56627957
1465.56627957
1465.56627957
1465.56627957
1465.56627957
1465.56627957
1465.56627957
1465.56627957
1465.56627957
1465.56627957
1465.56627957
1465.56627957
1465.56627957
1465.56627957
1465.56627957
1465.56627957
1465.56627957
1465.56627957
1465.56627957
1463.11450313
1463.11450313
1463.11450313
1463.11450313
1463.11450313
1463.11450313
1463.11450313
1463.11450313
1463.11450313
1463.11450313
1463.11450313
1463.11450313
1463.11450313
1463.11450313
1463.11450313
1463.11450313
1463.11450313
1463.11450313
1463.11450313
1463.11450313
1463.11450313
1461.30233828
1461.30233828
1461.30233828
1461.30233828
1461.30233828
1461.30233828
1461.30233828
1461.30233828
1461.30233828
1461.30233828
1461.30233828
1461.30233828
1461.30233828
1461.30233828
1461.30233828
1461.30233828
1461.30233828
1461.30233828
1461.30233828
1461.30233828
1461.30233828
1461.30233828
1461.30233828
1461.30233828
1461.30233828
1461.30233828
1461.30233828
1461.30233828
1461.30233828
1461.30233828
1461.30233828
1461.30233828
1461.30233828
1461.30233828
1461.30233828
1461.30233828
1461.30233828
1461.30233828
1461.30233828
1461.30233828
1461.30233828
1461.30233828
1461.30233828
1461.30233828
1461.30233828
1461.30233828
1461.30233828
1461.30233828
1461.30233828
1461.30233828
1461.30233828
1461.30233828
1461.30233828
1461.30233828
1461.30233828
1461.30233828
1461.30233828
1461.30233828
1461.30233828
1461.30233828
1461.30233828
1461.30233828
1461.30233828
1461.30233828
1461.30233828
1461.30233828
1461.30233828
1461.30233828
1461.30233828
1461.30233828
1461.30233828
1461.30233828
1461.30233828
1461.30233828
1461.30233828
1461.30233828
1461.30233828
1461.30233828
1461.30233828
1461.30233828
1461.30233828
1461.30233828
1461.30233828
1461.30233828
1461.30233828
1461.30233828
1461.30233828
1461.30233828
1461.30233828
1461.30233828
1461.30233828
1461.30233828
1461.30233828
1461.30233828
1461.30233828
1461.30233828
1461.30233828
1461.30233828
1461.30233828
1461.30233828
1461.30233828
1461.30233828
1461.30233828
1461.30233828
1461.30233828
1461.30233828
1461.30233828
1461.30233828
1461.30233828
1461.30233828
1461.30233828
1461.30233828
1461.30233828
1461.30233828
1461.30233828
1461.30233828
1461.30233828
1461.30233828
1461.30233828
1461.30233828
1461.30233828
1461.30233828
1461.30233828
1461.30233828
1461.30233828
1461.30233828
1461.30233828
1461.30233828
1461.30233828
1461.30233828
1461.30233828
1461.30233828
1461.30233828
1461.30233828
1461.30233828
1461.30233828
1461.30233828
1461.30233828
1461.30233828
1461.30233828
1461.30233828
1461.30233828
1461.30233828
1461.30233828
1461.30233828
1461.30233828
